0.8935097668557026	0.9217
0.8935997839589522	0.9196
0.8797371500585112	0.9188
0.8836979026014943	0.9150
0.8923395445134575	0.9207
0.8766765685480241	0.9120
0.8720856962822936	0.9142
0.8746961922765325	0.9124
0.8836078854982446	0.9212
0.8601134215500945	0.9109
0.891079305067963	0.9180
0.8611036096858403	0.9099
0.8836979026014943	0.9163
0.883517868394995	0.9190
0.8757763975155279	0.9160
0.8829777657754974	0.9163
0.8822576289495004	0.9140
0.8679449095328112	0.9113
0.8798271671617607	0.9150
0.8674948240165632	0.9134
